Spring2020/Data/Environment/climaSA0k_1.asc
NCOLS 120 
NROWS 141 
XLLCORNER -90 
YLLCORNER -55.5 
CELLSIZE 0.5 
NODATA_value -3.4e+38 
[rows 30 to 59 of 141, columns 0 to 67 of 120]
-3.4e+38 -3.4e+38 -3.4e+38 -3.4e+38 -3.4e+38 -3.4e+38 -3.4e+38 -3.4e+38 -3.4e+38 -3.4e+38 -3.4e+38 -3.4e+38 -3.4e+38 -3.4e+38 -3.4e+38 -3.4e+38 -3.4e+38 -3.4e+38 -3.4e+38 10511 10598 10683 10766 10855 10956 11066 11191 11319 11451 11583 11719 11859 12003 12151 12306 12471 12640 12822 13007 13201 13403 13601 13788 13974 14156 14330 14497 14657 14817 14973 15131 15288 15435 15578 15719 15855 15986 16116 16245 16367 16487 16603 16718 16833 16948 17059 17167 17279
-3.4e+38 -3.4e+38 -3.4e+38 -3.4e+38 -3.4e+38 -3.4e+38 -3.4e+38 -3.4e+38 -3.4e+38 -3.4e+38 -3.4e+38 -3.4e+38 -3.4e+38 -3.4e+38 -3.4e+38 -3.4e+38 -3.4e+38 -3.4e+38 -3.4e+38 10510 10597 10682 10765 10854 10955 11065 11190 11318 11450 11582 11718 11858 12002 12150 12305 12470 12639 12821 13006 13200 13402 13600 13787 13973 14155 14329 14496 14656 14816 14972 15130 15287 15434 15577 15718 15854 15985 16115 16244 16366 16486 16602 16717 16832 16947 17058 17166 17278
-3.4e+38 -3.4e+38 -3.4e+38 -3.4e+38 -3.4e+38 -3.4e+38 -3.4e+38 -3.4e+38 -3.4e+38 -3.4e+38 -3.4e+38 -3.4e+38 -3.4e+38 -3.4e+38 -3.4e+38 -3.4e+38 -3.4e+38 -3.4e+38 10420 10509 10596 10681 10764 10853 10954 11064 11189 11317 11449 11581 11717 11857 12001 12149 12304 12469 12638 12820 13005 13199 13401 13599 13786 13972 14154 14328 14495 14655 14815 14971 15129 15286 15433 15576 15717 15853 15984 16114 16243 16365 16485 16601 16716 16831 16946 17057 17165 17277
-3.4e+38 -3.4e+38 -3.4e+38 -3.4e+38 -3.4e+38 -3.4e+38 -3.4e+38 -3.4e+38 -3.4e+38 -3.4e+38 -3.4e+38 -3.4e+38 -3.4e+38 -3.4e+38 -3.4e+38 -3.4e+38 -3.4e+38 -3.4e+38 10419 10508 10595 10680 10763 10852 10953 11063 11188 11316 11448 11580 11716 11856 12000 12148 12303 12468 12637 12819 13004 13198 13400 13598 13785 13971 14153 14327 14494 14654 14814 14970 15128 15285 15432 15575 15716 15852 15983 16113 16242 16364 16484 16600 16715 16830 16945 17056 17164 17276
-3.4e+38 -3.4e+38 -3.4e+38 -3.4e+38 -3.4e+38 -3.4e+38 -3.4e+38 -3.4e+38 -3.4e+38 -3.4e+38 -3.4e+38 -3.4e+38 -3.4e+38 -3.4e+38 -3.4e+38 -3.4e+38 -3.4e+38 -3.4e+38 10418 10507 10594 10679 10762 10851 10952 11062 11187 11315 11447 11579 11715 11855 11999 12147 12302 12467 12636 12818 13003 13197 13399 13597 13784 13970 14152 14326 14493 14653 14813 14969 15127 15284 15431 15574 15715 15851 15982 16112 16241 16363 16483 16599 16714 16829 16944 17055 17163 17275
-3.4e+38 -3.4e+38 -3.4e+38 -3.4e+38 -3.4e+38 -3.4e+38 -3.4e+38 -3.4e+38 -3.4e+38 -3.4e+38 -3.4e+38 -3.4e+38 -3.4e+38 -3.4e+38 -3.4e+38 -3.4e+38 -3.4e+38 -3.4e+38 -3.4e+38 10506 10593 10678 10761 10850 10951 11061 11186 11314 11446 11578 11714 11854 11998 12146 12301 12466 12635 12817 13002 13196 13398 13596 13783 13969 14151 14325 14492 14652 14812 14968 15126 15283 15430 15573 15714 15850 15981 16111 16240 16362 16482 16598 16713 16828 16943 17054 17162 17274
-3.4e+38 -3.4e+38 -3.4e+38 -3.4e+38 -3.4e+38 -3.4e+38 -3.4e+38 -3.4e+38 -3.4e+38 -3.4e+38 -3.4e+38 -3.4e+38 -3.4e+38 -3.4e+38 -3.4e+38 -3.4e+38 -3.4e+38 -3.4e+38 -3.4e+38 -3.4e+38 10592 10677 10760 10849 10950 11060 11185 11313 11445 11577 11713 11853 11997 12145 12300 12465 12634 12816 13001 13195 13397 13595 13782 13968 14150 14324 14491 14651 14811 14967 15125 15282 15429 15572 15713 15849 15980 16110 16239 16361 16481 16597 16712 16827 16942 17053 17161 17273
-3.4e+38 -3.4e+38 -3.4e+38 -3.4e+38 -3.4e+38 -3.4e+38 -3.4e+38 -3.4e+38 -3.4e+38 -3.4e+38 -3.4e+38 -3.4e+38 -3.4e+38 -3.4e+38 -3.4e+38 -3.4e+38 -3.4e+38 -3.4e+38 10417 10505 10591 10676 10759 10848 10949 11059 11184 11312 11444 11576 11712 11852 11996 12144 12299 12464 12633 12815 13000 13194 13396 13594 13781 13967 14149 14323 14490 14650 14810 14966 15124 15281 15428 15571 15712 15848 15979 16109 16238 16360 16480 16596 16711 16826 16941 17052 17160 17272
-3.4e+38 -3.4e+38 -3.4e+38 -3.4e+38 -3.4e+38 -3.4e+38 -3.4e+38 -3.4e+38 -3.4e+38 -3.4e+38 -3.4e+38 -3.4e+38 -3.4e+38 -3.4e+38 -3.4e+38 -3.4e+38 -3.4e+38 10333 10416 10504 10590 10675 10758 10847 10948 11058 11183 11311 11443 11575 11711 11851 11995 12143 12298 12463 12632 12814 12999 13193 13395 13593 13780 13966 14148 14322 14489 14649 14809 14965 15123 15280 15427 15570 15711 15847 15978 16108 16237 16359 16479 16595 16710 16825 16940 17051 17159 17271
-3.4e+38 -3.4e+38 -3.4e+38 -3.4e+38 -3.4e+38 -3.4e+38 -3.4e+38 -3.4e+38 -3.4e+38 -3.4e+38 -3.4e+38 -3.4e+38 -3.4e+38 -3.4e+38 -3.4e+38 -3.4e+38 -3.4e+38 10332 10415 10503 10589 10674 10757 10846 10947 11057 11182 11310 11442 11574 11710 11850 11994 12142 12297 12462 12631 12813 12998 13192 13394 13592 13779 13965 14147 14321 14488 14648 14808 14964 15122 15279 15426 15569 15710 15846 15977 16107 16236 16358 16478 16594 16709 16824 16939 17050 17158 17270
-3.4e+38 -3.4e+38 -3.4e+38 -3.4e+38 -3.4e+38 -3.4e+38 -3.4e+38 -3.4e+38 -3.4e+38 -3.4e+38 -3.4e+38 -3.4e+38 -3.4e+38 -3.4e+38 -3.4e+38 -3.4e+38 -3.4e+38 -3.4e+38 10414 10502 10588 10673 10756 10845 10946 11056 11181 11309 11441 11573 11709 11849 11993 12141 12296 12461 12630 12812 12997 13191 13393 13591 13778 13964 14146 14320 14487 14647 14807 14963 15121 15278 15425 15568 15709 15845 15976 16106 16235 16357 16477 16593 16708 16823 16938 17049 17157 17269
-3.4e+38 -3.4e+38 -3.4e+38 -3.4e+38 -3.4e+38 -3.4e+38 -3.4e+38 -3.4e+38 -3.4e+38 -3.4e+38 -3.4e+38 -3.4e+38 -3.4e+38 -3.4e+38 -3.4e+38 -3.4e+38 -3.4e+38 -3.4e+38 10413 10501 10587 10672 10755 10844 10945 11055 11180 11308 11440 11572 11708 11848 11992 12140 12295 12460 12629 12811 12996 13190 13392 13590 13777 13963 14145 14319 14486 14646 14806 14962 15120 15277 15424 15567 15708 15844 15975 16105 16234 16356 16476 16592 16707 16822 16937 17048 17156 17268
-3.4e+38 -3.4e+38 -3.4e+38 -3.4e+38 -3.4e+38 -3.4e+38 -3.4e+38 -3.4e+38 -3.4e+38 -3.4e+38 -3.4e+38 -3.4e+38 -3.4e+38 -3.4e+38 -3.4e+38 -3.4e+38 -3.4e+38 -3.4e+38 10412 10500 10586 10671 10754 10843 10944 11054 11179 11307 11439 11571 11707 11847 11991 12139 12294 12459 12628 12810 12995 13189 13391 13589 13776 13962 14144 14318 14485 14645 14805 14961 15119 15276 15423 15566 15707 15843 15974 16104 16233 16355 16475 16591 16706 16821 16936 17047 17155 17267
-3.4e+38 -3.4e+38 -3.4e+38 -3.4e+38 -3.4e+38 -3.4e+38 -3.4e+38 -3.4e+38 -3.4e+38 -3.4e+38 -3.4e+38 -3.4e+38 -3.4e+38 -3.4e+38 -3.4e+38 -3.4e+38 -3.4e+38 -3.4e+38 -3.4e+38 -3.4e+38 10585 10670 10753 10842 10943 11053 11178 11306 11438 11570 11706 11846 11990 12138 12293 12458 12627 12809 12994 13188 13390 13588 13775 13961 14143 14317 14484 14644 14804 14960 15118 15275 15422 15565 15706 15842 15973 16103 16232 16354 16474 16590 16705 16820 16935 17046 17154 17266
-3.4e+38 -3.4e+38 -3.4e+38 -3.4e+38 -3.4e+38 -3.4e+38 -3.4e+38 -3.4e+38 -3.4e+38 -3.4e+38 -3.4e+38 -3.4e+38 -3.4e+38 -3.4e+38 -3.4e+38 -3.4e+38 -3.4e+38 -3.4e+38 -3.4e+38 -3.4e+38 10584 10669 10752 10841 10942 11052 11177 11305 11437 11569 11705 11845 11989 12137 12292 12457 12626 12808 12993 13187 13389 13587 13774 13960 14142 14316 14483 14643 14803 14959 15117 15274 15421 15564 15705 15841 15972 16102 16231 16353 16473 16589 16704 16819 16934 17045 17153 17265
-3.4e+38 -3.4e+38 -3.4e+38 -3.4e+38 -3.4e+38 -3.4e+38 -3.4e+38 -3.4e+38 -3.4e+38 -3.4e+38 -3.4e+38 -3.4e+38 -3.4e+38 -3.4e+38 -3.4e+38 -3.4e+38 -3.4e+38 -3.4e+38 -3.4e+38 -3.4e+38 -3.4e+38 10668 10751 10840 10941 11051 11176 11304 11436 11568 11704 11844 11988 12136 12291 12456 12625 12807 12992 13186 13388 13586 13773 13959 14141 14315 14482 14642 14802 14958 15116 15273 15420 15563 15704 15840 15971 16101 16230 16352 16472 16588 16703 16818 16933 17044 17152 17264
-3.4e+38 -3.4e+38 -3.4e+38 -3.4e+38 -3.4e+38 -3.4e+38 -3.4e+38 -3.4e+38 -3.4e+38 -3.4e+38 -3.4e+38 -3.4e+38 -3.4e+38 -3.4e+38 -3.4e+38 -3.4e+38 -3.4e+38 -3.4e+38 -3.4e+38 -3.4e+38 -3.4e+38 -3.4e+38 10750 10839 10940 11050 11175 11303 11435 11567 11703 11843 11987 12135 12290 12455 12624 12806 12991 13185 13387 13585 13772 13958 14140 14314 14481 14641 14801 14957 15115 15272 15419 15562 15703 15839 15970 16100 16229 16351 16471 16587 16702 16817 16932 17043 17151 17263
-3.4e+38 -3.4e+38 -3.4e+38 -3.4e+38 -3.4e+38 -3.4e+38 -3.4e+38 -3.4e+38 -3.4e+38 -3.4e+38 -3.4e+38 -3.4e+38 -3.4e+38 -3.4e+38 -3.4e+38 -3.4e+38 -3.4e+38 -3.4e+38 -3.4e+38 -3.4e+38 -3.4e+38 -3.4e+38 -3.4e+38 10838 10939 11049 11174 11302 11434 11566 11702 11842 11986 12134 12289 12454 12623 12805 12990 13184 13386 13584 13771 13957 14139 14313 14480 14640 14800 14956 15114 15271 15418 15561 15702 15838 15969 16099 16228 16350 16470 16586 16701 16816 16931 17042 17150 17262
-3.4e+38 -3.4e+38 -3.4e+38 -3.4e+38 -3.4e+38 -3.4e+38 -3.4e+38 -3.4e+38 -3.4e+38 -3.4e+38 -3.4e+38 -3.4e+38 -3.4e+38 -3.4e+38 -3.4e+38 -3.4e+38 -3.4e+38 -3.4e+38 -3.4e+38 -3.4e+38 -3.4e+38 -3.4e+38 -3.4e+38 10837 10938 11048 11173 11301 11433 11565 11701 11841 11985 12133 12288 12453 12622 12804 12989 13183 13385 13583 13770 13956 14138 14312 14479 14639 14799 14955 15113 15270 15417 15560 15701 15837 15968 16098 16227 16349 16469 16585 16700 16815 16930 17041 17149 17261
-3.4e+38 -3.4e+38 -3.4e+38 -3.4e+38 -3.4e+38 -3.4e+38 -3.4e+38 -3.4e+38 -3.4e+38 -3.4e+38 -3.4e+38 -3.4e+38 -3.4e+38 -3.4e+38 -3.4e+38 -3.4e+38 -3.4e+38 -3.4e+38 -3.4e+38 -3.4e+38 -3.4e+38 -3.4e+38 -3.4e+38 10836 10937 11047 11172 11300 11432 11564 11700 11840 11984 12132 12287 12452 12621 12803 12988 13182 13384 13582 13769 13955 14137 14311 14478 14638 14798 14954 15112 15269 15416 15559 15700 15836 15967 16097 16226 16348 16468 16584 16699 16814 16929 17040 17148 17260
-3.4e+38 -3.4e+38 -3.4e+38 -3.4e+38 -3.4e+38 -3.4e+38 -3.4e+38 -3.4e+38 -3.4e+38 -3.4e+38 -3.4e+38 -3.4e+38 -3.4e+38 -3.4e+38 -3.4e+38 -3.4e+38 -3.4e+38 -3.4e+38 -3.4e+38 -3.4e+38 -3.4e+38 -3.4e+38 -3.4e+38 -3.4e+38 10936 11046 11171 11299 11431 11563 11699 11839 11983 12131 12286 12451 12620 12802 12987 13181 13383 13581 13768 13954 14136 14310 14477 14637 14797 14953 15111 15268 15415 15558 15699 15835 15966 16096 16225 16347 16467 16583 16698 16813 16928 17039 17147 17259
-3.4e+38 -3.4e+38 -3.4e+38 -3.4e+38 -3.4e+38 -3.4e+38 -3.4e+38 -3.4e+38 -3.4e+38 -3.4e+38 -3.4e+38 -3.4e+38 -3.4e+38 -3.4e+38 -3.4e+38 -3.4e+38 -3.4e+38 -3.4e+38 -3.4e+38 -3.4e+38 -3.4e+38 -3.4e+38 -3.4e+38 -3.4e+38 10935 11045 11170 11298 11430 11562 11698 11838 11982 12130 12285 12450 12619 12801 12986 13180 13382 13580 13767 13953 14135 14309 14476 14636 14796 14952 15110 15267 15414 15557 15698 15834 15965 16095 16224 16346 16466 16582 16697 16812 16927 17038 17146 17258
-3.4e+38 -3.4e+38 -3.4e+38 -3.4e+38 -3.4e+38 -3.4e+38 -3.4e+38 -3.4e+38 -3.4e+38 -3.4e+38 -3.4e+38 -3.4e+38 -3.4e+38 -3.4e+38 -3.4e+38 -3.4e+38 -3.4e+38 -3.4e+38 -3.4e+38 -3.4e+38 -3.4e+38 -3.4e+38 -3.4e+38 -3.4e+38 -3.4e+38 11044 11169 11297 11429 11561 11697 11837 11981 12129 12284 12449 12618 12800 12985 13179 13381 13579 13766 13952 14134 14308 14475 14635 14795 14951 15109 15266 15413 15556 15697 15833 15964 16094 16223 16345 16465 16581 16696 16811 16926 17037 17145 17257
-3.4e+38 -3.4e+38 -3.4e+38 -3.4e+38 -3.4e+38 -3.4e+38 -3.4e+38 -3.4e+38 -3.4e+38 -3.4e+38 -3.4e+38 -3.4e+38 -3.4e+38 -3.4e+38 -3.4e+38 -3.4e+38 -3.4e+38 -3.4e+38 -3.4e+38 -3.4e+38 -3.4e+38 -3.4e+38 -3.4e+38 -3.4e+38 -3.4e+38 11043 11168 11296 11428 11560 11696 11836 11980 12128 12283 12448 12617 12799 12984 13178 13380 13578 13765 13951 14133 14307 14474 14634 14794 14950 15108 15265 15412 15555 15696 15832 15963 16093 16222 16344 16464 16580 16695 16810 16925 17036 17144 17256
-3.4e+38 -3.4e+38 -3.4e+38 -3.4e+38 -3.4e+38 -3.4e+38 -3.4e+38 -3.4e+38 -3.4e+38 -3.4e+38 -3.4e+38 -3.4e+38 -3.4e+38 -3.4e+38 -3.4e+38 -3.4e+38 -3.4e+38 -3.4e+38 -3.4e+38 -3.4e+38 -3.4e+38 -3.4e+38 -3.4e+38 -3.4e+38 -3.4e+38 -3.4e+38 11167 11295 11427 11559 11695 11835 11979 12127 12282 12447 12616 12798 12983 13177 13379 13577 13764 13950 14132 14306 14473 14633 14793 14949 15107 15264 15411 15554 15695 15831 15962 16092 16221 16343 16463 16579 16694 16809 16924 17035 17143 17255
-3.4e+38 -3.4e+38 -3.4e+38 -3.4e+38 -3.4e+38 -3.4e+38 -3.4e+38 -3.4e+38 -3.4e+38 -3.4e+38 -3.4e+38 -3.4e+38 -3.4e+38 -3.4e+38 -3.4e+38 -3.4e+38 -3.4e+38 -3.4e+38 -3.4e+38 -3.4e+38 -3.4e+38 -3.4e+38 -3.4e+38 -3.4e+38 -3.4e+38 -3.4e+38 11166 11294 11426 11558 11694 11834 11978 12126 12281 12446 12615 12797 12982 13176 13378 13576 13763 13949 14131 14305 14472 14632 14792 14948 15106 15263 15410 15553 15694 15830 15961 16091 16220 16342 16462 16578 16693 16808 16923 17034 17142 17254
-3.4e+38 -3.4e+38 -3.4e+38 -3.4e+38 -3.4e+38 -3.4e+38 -3.4e+38 -3.4e+38 -3.4e+38 -3.4e+38 -3.4e+38 -3.4e+38 -3.4e+38 -3.4e+38 -3.4e+38 -3.4e+38 -3.4e+38 -3.4e+38 -3.4e+38 -3.4e+38 -3.4e+38 -3.4e+38 -3.4e+38 -3.4e+38 -3.4e+38 -3.4e+38 -3.4e+38 11293 11425 11557 11693 11833 11977 12125 12280 12445 12614 12796 12981 13175 13377 13575 13762 13948 14130 14304 14471 14631 14791 14947 15105 15262 15409 15552 15693 15829 15960 16090 16219 16341 16461 16577 16692 16807 16922 17033 17141 17253
-3.4e+38 -3.4e+38 -3.4e+38 -3.4e+38 -3.4e+38 -3.4e+38 -3.4e+38 -3.4e+38 -3.4e+38 -3.4e+38 -3.4e+38 -3.4e+38 -3.4e+38 -3.4e+38 -3.4e+38 -3.4e+38 -3.4e+38 -3.4e+38 -3.4e+38 -3.4e+38 -3.4e+38 -3.4e+38 -3.4e+38 -3.4e+38 -3.4e+38 -3.4e+38 -3.4e+38 11292 11424 11556 11692 11832 11976 12124 12279 12444 12613 12795 12980 13174 13376 13574 13761 13947 14129 14303 14470 14630 14790 14946 15104 15261 15408 15551 15692 15828 15959 16089 16218 16340 16460 16576 16691 16806 16921 17032 17140 17252
-3.4e+38 -3.4e+38 -3.4e+38 -3.4e+38 -3.4e+38 -3.4e+38 -3.4e+38 -3.4e+38 -3.4e+38 -3.4e+38 -3.4e+38 -3.4e+38 -3.4e+38 -3.4e+38 -3.4e+38 -3.4e+38 -3.4e+38 -3.4e+38 -3.4e+38 -3.4e+38 -3.4e+38 -3.4e+38 -3.4e+38 -3.4e+38 -3.4e+38 -3.4e+38 -3.4e+38 11291 11423 11555 11691 11831 11975 12123 12278 12443 12612 12794 12979 13173 13375 13573 13760 13946 14128 14302 14469 14629 14789 14945 15103 15260 15407 15550 15691 15827 15958 16088 16217 16339 16459 16575 16690 16805 16920 17031 17139 17251
-3.4e+38 -3.4e+38 -3.4e+38 -3.4e+38 -3.4e+38 -3.4e+38 -3.4e+38 -3.4e+38 -3.4e+38 -3.4e+38 -3.4e+38 -3.4e+38 -3.4e+38 -3.4e+38 -3.4e+38 -3.4e+38 -3.4e+38 -3.4e+38 -3.4e+38 -3.4e+38 -3.4e+38 -3.4e+38 -3.4e+38 -3.4e+38 -3.4e+38 -3.4e+38 -3.4e+38 -3.4e+38 11422 11554 11690 11830 11974 12122 12277 12442 12611 12793 12978 13172 13374 13572 13759 13945 14127 14301 14468 14628 14788 14944 15102 15259 15406 15549 15690 15826 15957 16087 16216 16338 16458 16574 16689 16804 16919 17030 17138 17250
